-0.2549942621766402 -0.06122931763990502 0.23383065509468487 0.1860771171648522 -3.111137883738145 0.03286450744040983 
-0.2514896867640664 -0.05920386726502351 0.2117686111562359 0.1976423738527051 -3.034221519311161 0.08686089976258032 
-0.25129543823218126 -0.16978894060096344 0.18588488186745541 0.21415347993388734 -3.039286086956641 -0.26596220424532735 
-0.25499051749467416 -0.17086916265174354 0.19914691410175037 -0.2629245385534343 -3.061448068234557 -0.2848061994865084 
-0.30132466184113016 -0.10653952247154198 0.19992251905349584 -0.2019547424931401 2.965417034973461 -0.05740770056427401 
-0.35460422500962846 -0.0534720000869672 0.22770177640366251 0.010746043016310916 2.7927424736988553 -0.46145222674461395 
-0.30677086832062306 -0.06591417213823504 0.2314319149203523 -0.0054536395824237565 3.0019872489260493 -0.10615518021971523 
-0.21683095474525882 -0.06578596399796942 0.23125713654932453 0.021054737829349253 -2.9755412273258584 0.10257526763256246 
-0.21721695869857982 -0.016805320089798858 0.2310469600483308 0.29769434282052165 -2.9622696536938222 0.16690035933117556 
-0.3061338775912246 -0.12260820004303298 0.20508972032880948 -0.21067965682475157 2.867762881096115 0.2930146684086226 
-0.3086067206181606 0.03585407370112648 0.20552039595223603 -0.20032856894120765 2.8886451861444966 -0.4586703793024273 
-0.248368056809869 -0.08641917489497623 0.19026788971608524 0.151412812283499 -3.0821613401944283 0.11848368056417478 
-0.28682330124418326 -0.13529333199468807 0.2569585008078693 -0.1344493926986264 2.992159419191232 0.222364462822147 
-0.31821198298056524 0.035905710149053444 0.2576066214114525 -0.49767876964053287 2.959396288383299 -0.25515854593409454 
-0.28845930971284056 -0.116851405975785 0.24584682361161914 -0.3244719691398747 2.929358596431233 0.23302839352375407 
-0.2818857199408256 -0.06989394510692978 0.20329750282012338 -0.09938267726243862 3.1148309176118603 -0.0710652513886072 
